ls153 build ls151 的大概思路是
A 和 B 仍然作为输入不变，C 用来片选第一个四选一还是第二个四选一
考虑把第一个四选一记作 X，第二个记作 Y，那么有 Output = C'X + CY，直接用逻辑门实现即可。

S   A   B   Y   Cn
0   0   0   0   0   D0
0   0   1   1   0   D1
0   1   0   1   0   D2
0   1   1   0   1   D3
1   0   0   0   0   D4
1   0   1   1   1   D5
1   1   0   1   0   D6
1   1   1   0   0   D7
C   B   A
    C   B   A
S0  S1  A   B   Y
0   0   0   0   0
0   0   0   1   0
0   0   1   0   0
0   0   1   1   1
0   1   0   0   0
0   1   0   1   1
0   1   1   0   1
0   1   1   1   1
1   0   0   0   0
1   0   0   1   1
1   0   1   0   1
1   0   1   1   0
1   1   0   0   1
1   1   0   1   1
1   1   1   0   0
1   1   1   1   0

考虑让 S1 A B 为输入的 A  B  C
则 D0~D7 = 0  S0  S0  S0' S0  1  S0'  S0'
0 0
0 1
0 1
1 0
0 1
1 1
1 0
1 0
