

0   0   0   0   2   0   1   0   0   
0   0   0   1   4   0   0   1   0
0   0   1   0   3   1   1   0   0
0   0   1   1   4   0   0   1   0
0   1   0   0   4   0   0   1   0
0   1   0   1   0   0   0   0   0
0   1   1   0   6   0   1   1   0
0   1   1   1   4   0   0   1   0
1   0   0   0   X
1   0   0   1   X
1   0   1   0   X
1   0   1   1   X
1   1   0   0   X
1   1   0   1   X
1   1   1   0   X
1   1   1   1   X

A = A'BC'
B = A'B'C' + A'BC' + A'BC = A'C' + A'B
C = AB'C' + ABC' + A'B'C + A'BC + ABC = AB + A'C + AC' = AB + A^C
D = 0
